0     5371
1     5371
2     5371
3     5371
4     5371
5     5371
6     5371
7     5371
8     5371
9     5371
10     5371
11     5371
12     5371
13     5371
14     5371
15     5371
16     5371
17     5371
18     5371
19     5371
20     5371
21     5371
22     5371
23     5371
24     5371
25     5371
26     5371
27     5371
28     5371
29     5371
30     5371
31     5371
32     5371
33     5371
34     5371
35     5371
36     5371
37     5371
38     5371
39     5371
40     5371
41     5371
42     5371
43     5371
44     5371
45     5371
46     5371
47     5371
48     5371
49     5371
50     5371
51     5371
52     5371
53     5371
54     5371
55     5371
56     5371
57     5371
58     5371
59     5371
60     5371
61     5371
62     5371
63     5371
64     5371
65     5371
66     5371
67     5371
68     5371
69     5371
70     5371
71     5371
72     5371
73     5371
74     5371
75     5371
76     5371
77     5371
78     5371
79     5371
80     5371
81     5371
82     5371
83     5371
84     5371
85     5371
86     5371
87     5371
88     5371
89     5371
90     5371
91     5371
92     5371
93     5371
94     5371
95     5371
96     5371
97     5371
98     5371
99     5371
100     5371
101     5371
102     5371
103     5371
104     5371
105     5371
106     5371
107     5371
108     5371
109     5371
110     5371
111     5371
112     5371
113     5371
114     5371
115     5371
116     5371
117     5371
118     5371
119     5371
120     5371
121     5371
122     5371
123     5371
124     5371
125     5371
126     5371
127     5371
128     5371
129     5371
130     5371
131     5371
132     5371
133     5371
134     5371
135     5371
136     5371
137     5371
138     5371
139     5371
140     5371
141     5371
142     5371
143     5371
144     5371
145     5371
146     5371
147     5371
148     5371
149     5371
150     5371
151     5371
152     5371
153     5371
154     5371
155     5371
156     5371
157     5371
158     5371
159     5371
160     5371
161     5371
162     5371
163     5371
164     5371
165     5371
166     5371
167     5371
168     5371
169     5371
170     5371
171     5371
172     5371
173     5371
174     5371
175     5371
176     5371
177     5371
178     5371
179     5371
180     5371
