0     4671
1     4671
2     4671
3     4671
4     4671
5     4671
6     4671
7     4671
8     4671
9     4671
10     4671
11     4671
12     4671
13     4671
14     4671
15     4671
16     4671
17     4671
18     4671
19     4671
20     4671
21     4671
22     4671
23     4671
24     4671
25     4671
26     4671
27     4671
28     4671
29     4671
30     4671
31     4671
32     4671
33     4671
34     4671
35     4671
36     4671
37     4671
38     4671
39     4671
40     4671
41     4671
42     4671
43     4671
44     4671
45     4671
46     4671
47     4671
48     4671
49     4671
50     4671
51     4671
52     4671
53     4671
54     4671
55     4671
56     4671
57     4671
58     4671
59     4671
60     4671
61     4671
62     4671
63     4671
64     4671
65     4671
66     4671
67     4671
68     4671
69     4671
70     4671
71     4671
72     4671
73     4671
74     4671
75     4671
76     4671
77     4671
78     4671
79     4671
80     4671
81     4671
82     4671
83     4671
84     4671
85     4671
86     4671
87     4671
88     4671
89     4671
90     4671
91     4671
92     4671
93     4671
94     4671
95     4671
96     4671
97     4671
98     4671
99     4671
100     4671
101     4671
102     4671
103     4671
104     4671
105     4671
106     4671
107     4671
108     4671
109     4671
110     4671
111     4671
112     4671
113     4671
114     4671
115     4671
116     4671
117     4671
118     4671
119     4671
120     4671
121     4671
122     4671
123     4671
124     4671
125     4671
126     4671
127     4671
128     4671
129     4671
130     4671
131     4671
132     4671
133     4671
134     4671
135     4671
136     4671
137     4671
138     4671
139     4671
140     4671
141     4671
142     4671
143     4671
144     4671
145     4671
146     4671
147     4671
148     4671
149     4671
150     4671
151     4671
152     4671
153     4671
154     4671
155     4671
156     4671
157     4671
158     4671
159     4671
160     4671
161     4671
162     4671
163     4671
164     4671
165     4671
166     4671
167     4671
168     4671
169     4671
170     4671
171     4671
172     4671
173     4671
174     4671
175     4671
176     4671
177     4671
178     4671
179     4671
180     4671
