0     6151
1     6151
2     6151
3     6151
4     6151
5     6151
6     6151
7     6151
8     6151
9     6151
10     6151
11     6151
12     6151
13     6151
14     6151
15     6151
16     6151
17     6151
18     6151
19     6151
20     6151
21     6151
22     6151
23     6151
24     6151
25     6151
26     6151
27     6151
28     6151
29     6151
30     6151
31     6151
32     6151
33     6151
34     6151
35     6151
36     6151
37     6151
38     6151
39     6151
40     6151
41     6151
42     6151
43     6151
44     6151
45     6151
46     6151
47     6151
48     6151
49     6151
50     6151
51     6151
52     6151
53     6151
54     6151
55     6151
56     6151
57     6151
58     6151
59     6151
60     6151
61     6151
62     6151
63     6151
64     6151
65     6151
66     6151
67     6151
68     6151
69     6151
70     6151
71     6151
72     6151
73     6151
74     6151
75     6151
76     6151
77     6151
78     6151
79     6151
80     6151
81     6151
82     6151
83     6151
84     6151
85     6151
86     6151
87     6151
88     6151
89     6151
90     6151
91     6151
92     6151
93     6151
94     6151
95     6151
96     6151
97     6151
98     6151
99     6151
100     6151
101     6151
102     6151
103     6151
104     6151
105     6151
106     6151
107     6151
108     6151
109     6151
110     6151
111     6151
112     6151
113     6151
114     6151
115     6151
116     6151
117     6151
118     6151
119     6151
120     6151
121     6151
122     6151
123     6151
124     6151
125     6151
126     6151
127     6151
128     6151
129     6151
130     6151
131     6151
132     6151
133     6151
134     6151
135     6151
136     6151
137     6151
138     6151
139     6151
140     6151
141     6151
142     6151
143     6151
144     6151
145     6151
146     6151
147     6151
148     6151
149     6151
150     6151
151     6151
152     6151
153     6151
154     6151
155     6151
156     6151
157     6151
158     6151
159     6151
160     6151
161     6151
162     6151
163     6151
164     6151
165     6151
166     6151
167     6151
168     6151
169     6151
170     6151
171     6151
172     6151
173     6151
174     6151
175     6151
176     6151
177     6151
178     6151
179     6151
180     6151
