0     5971
1     5971
2     5971
3     5971
4     5971
5     5971
6     5971
7     5971
8     5971
9     5971
10     5971
11     5971
12     5971
13     5971
14     5971
15     5971
16     5971
17     5971
18     5971
19     5971
20     5971
21     5971
22     5971
23     5971
24     5971
25     5971
26     5971
27     5971
28     5971
29     5971
30     5971
31     5971
32     5971
33     5971
34     5971
35     5971
36     5971
37     5971
38     5971
39     5971
40     5971
41     5971
42     5971
43     5971
44     5971
45     5971
46     5971
47     5971
48     5971
49     5971
50     5971
51     5971
52     5971
53     5971
54     5971
55     5971
56     5971
57     5971
58     5971
59     5971
60     5971
61     5971
62     5971
63     5971
64     5971
65     5971
66     5971
67     5971
68     5971
69     5971
70     5971
71     5971
72     5971
73     5971
74     5971
75     5971
76     5971
77     5971
78     5971
79     5971
80     5971
81     5971
82     5971
83     5971
84     5971
85     5971
86     5971
87     5971
88     5971
89     5971
90     5971
91     5971
92     5971
93     5971
94     5971
95     5971
96     5971
97     5971
98     5971
99     5971
100     5971
101     5971
102     5971
103     5971
104     5971
105     5971
106     5971
107     5971
108     5971
109     5971
110     5971
111     5971
112     5971
113     5971
114     5971
115     5971
116     5971
117     5971
118     5971
119     5971
120     5971
121     5971
122     5971
123     5971
124     5971
125     5971
126     5971
127     5971
128     5971
129     5971
130     5971
131     5971
132     5971
133     5971
134     5971
135     5971
136     5971
137     5971
138     5971
139     5971
140     5971
141     5971
142     5971
143     5971
144     5971
145     5971
146     5971
147     5971
148     5971
149     5971
150     5971
151     5971
152     5971
153     5971
154     5971
155     5971
156     5971
157     5971
158     5971
159     5971
160     5971
161     5971
162     5971
163     5971
164     5971
165     5971
166     5971
167     5971
168     5971
169     5971
170     5971
171     5971
172     5971
173     5971
174     5971
175     5971
176     5971
177     5971
178     5971
179     5971
180     5971
