0     5701
1     5701
2     5701
3     5701
4     5701
5     5701
6     5701
7     5701
8     5701
9     5701
10     5701
11     5701
12     5701
13     5701
14     5701
15     5701
16     5701
17     5701
18     5701
19     5701
20     5701
21     5701
22     5701
23     5701
24     5701
25     5701
26     5701
27     5701
28     5701
29     5701
30     5701
31     5701
32     5701
33     5701
34     5701
35     5701
36     5701
37     5701
38     5701
39     5701
40     5701
41     5701
42     5701
43     5701
44     5701
45     5701
46     5701
47     5701
48     5701
49     5701
50     5701
51     5701
52     5701
53     5701
54     5701
55     5701
56     5701
57     5701
58     5701
59     5701
60     5701
61     5701
62     5701
63     5701
64     5701
65     5701
66     5701
67     5701
68     5701
69     5701
70     5701
71     5701
72     5701
73     5701
74     5701
75     5701
76     5701
77     5701
78     5701
79     5701
80     5701
81     5701
82     5701
83     5701
84     5701
85     5701
86     5701
87     5701
88     5701
89     5701
90     5701
91     5701
92     5701
93     5701
94     5701
95     5701
96     5701
97     5701
98     5701
99     5701
100     5701
101     5701
102     5701
103     5701
104     5701
105     5701
106     5701
107     5701
108     5701
109     5701
110     5701
111     5701
112     5701
113     5701
114     5701
115     5701
116     5701
117     5701
118     5701
119     5701
120     5701
121     5701
122     5701
123     5701
124     5701
125     5701
126     5701
127     5701
128     5701
129     5701
130     5701
131     5701
132     5701
133     5701
134     5701
135     5701
136     5701
137     5701
138     5701
139     5701
140     5701
141     5701
142     5701
143     5701
144     5701
145     5701
146     5701
147     5701
148     5701
149     5701
150     5701
151     5701
152     5701
153     5701
154     5701
155     5701
156     5701
157     5701
158     5701
159     5701
160     5701
161     5701
162     5701
163     5701
164     5701
165     5701
166     5701
167     5701
168     5701
169     5701
170     5701
171     5701
172     5701
173     5701
174     5701
175     5701
176     5701
177     5701
178     5701
179     5701
180     5701
