0     3480
1     3480
2     3480
3     3480
4     3480
5     3480
6     3480
7     3480
8     3480
9     3480
10     3480
11     3480
12     3480
13     3480
14     3480
15     3480
16     3480
17     3480
18     3480
19     3480
20     3480
21     3480
22     3480
23     3480
24     3480
25     3480
26     3480
27     3480
28     3480
29     3480
30     3480
31     3480
32     3480
33     3480
34     3480
35     3480
36     3480
37     3480
38     3480
39     3480
40     3480
41     3480
42     3480
43     3480
44     3480
45     3480
46     3480
47     3480
48     3480
49     3480
50     3480
51     3480
52     3480
53     3480
54     3480
55     3480
56     3480
57     3480
58     3480
59     3480
60     3480
61     3480
62     3480
63     3480
64     3480
65     3480
66     3480
67     3480
68     3480
69     3480
70     3480
71     3480
72     3480
73     3480
74     3480
75     3480
76     3480
77     3480
78     3480
79     3480
80     3480
81     3480
82     3480
83     3480
84     3480
85     3480
86     3480
87     3480
88     3480
89     3480
90     3480
91     3480
92     3480
93     3480
94     3480
95     3480
96     3480
97     3480
98     3480
99     3480
100     3480
101     3480
102     3480
103     3480
104     3480
105     3480
106     3480
107     3480
108     3480
109     3480
110     3480
111     3480
112     3480
113     3480
114     3480
115     3480
116     3480
117     3480
118     3480
119     3480
120     3480
121     3480
122     3480
123     3480
124     3480
125     3480
126     3480
127     3480
128     3480
129     3480
130     3480
131     3480
132     3480
133     3480
134     3480
135     3480
136     3480
137     3480
138     3480
139     3480
140     3480
141     3480
142     3480
143     3480
144     3480
145     3480
146     3480
147     3480
148     3480
149     3480
150     3480
151     3480
152     3480
153     3480
154     3480
155     3480
156     3480
157     3480
158     3480
159     3480
160     3480
161     3480
162     3480
163     3480
164     3480
165     3480
166     3480
167     3480
168     3480
169     3480
170     3480
171     3480
172     3480
173     3480
174     3480
175     3480
176     3480
177     3480
178     3480
179     3480
180     3480
