0     6340
1     6340
2     6340
3     6340
4     6340
5     6340
6     6340
7     6340
8     6340
9     6340
10     6340
11     6340
12     6340
13     6340
14     6340
15     6340
16     6340
17     6340
18     6340
19     6340
20     6340
21     6340
22     6340
23     6340
24     6340
25     6340
26     6340
27     6340
28     6340
29     6340
30     6340
31     6340
32     6340
33     6340
34     6340
35     6340
36     6340
37     6340
38     6340
39     6340
40     6340
41     6340
42     6340
43     6340
44     6340
45     6340
46     6340
47     6340
48     6340
49     6340
50     6340
51     6340
52     6340
53     6340
54     6340
55     6340
56     6340
57     6340
58     6340
59     6340
60     6340
61     6340
62     6340
63     6340
64     6340
65     6340
66     6340
67     6340
68     6340
69     6340
70     6340
71     6340
72     6340
73     6340
74     6340
75     6340
76     6340
77     6340
78     6340
79     6340
80     6340
81     6340
82     6340
83     6340
84     6340
85     6340
86     6340
87     6340
88     6340
89     6340
90     6340
91     6340
92     6340
93     6340
94     6340
95     6340
96     6340
97     6340
98     6340
99     6340
100     6340
101     6340
102     6340
103     6340
104     6340
105     6340
106     6340
107     6340
108     6340
109     6340
110     6340
111     6340
112     6340
113     6340
114     6340
115     6340
116     6340
117     6340
118     6340
119     6340
120     6340
121     6340
122     6340
123     6340
124     6340
125     6340
126     6340
127     6340
128     6340
129     6340
130     6340
131     6340
132     6340
133     6340
134     6340
135     6340
136     6340
137     6340
138     6340
139     6340
140     6340
141     6340
142     6340
143     6340
144     6340
145     6340
146     6340
147     6340
148     6340
149     6340
150     6340
151     6340
152     6340
153     6340
154     6340
155     6340
156     6340
157     6340
158     6340
159     6340
160     6340
161     6340
162     6340
163     6340
164     6340
165     6340
166     6340
167     6340
168     6340
169     6340
170     6340
171     6340
172     6340
173     6340
174     6340
175     6340
176     6340
177     6340
178     6340
179     6340
180     6340
